{
  "asset": {
    "version": "2.0",
    "generator": "GLTFExporter"
  },
  "scenes": [
    {
      "name": "AuxScene",
      "nodes": [
        54
      ]
    }
  ],
  "scene": 0,
  "nodes": [
    {
      "name": "mixamorigHead",
      "extras": {
        "name": "mixamorigHead"
      }
    },
    {
      "translation": [
        0,
        2.00213623046875,
        0.12651002407073975
      ],
      "name": "mixamorigHeadTop_End",
      "extras": {
        "name": "mixamorigHeadTop_End",
        "transformData": {
          "eulerOrder": "ZYX",
          "translation": [
            0,
            2.00213623046875,
            0.12651002407073975
          ],
          "parentMatrixWorld": {
            "elements": [
              0.8791974871641993,
              -0.03242121190165374,
              -0.475353181687652,
              0,
              0.26698201974452157,
              0.8598610125833259,
              0.43515473630809404,
              0,
              0.3946294254802621,
              -0.5094977020724029,
              0.7646435218118789,
              0,
              0,
              2.228196144104004,
              0.14079415798187256,
              1
            ]
          }
        }
      }
    },
    {
      "rotation": [
        -0.052070712459172525,
        0.0014704584215889938,
        -0.033067171279944116,
        0.998094713827218
      ],
      "translation": [
        0,
        2.228196144104004,
        0.14079415798187256
      ],
      "name": "mixamorigHead",
      "extras": {
        "name": "mixamorigHead",
        "transformData": {
          "eulerOrder": "ZYX",
          "translation": [
            0,
            2.228196144104004,
            0.14079415798187256
          ],
          "parentMatrixWorld": {
            "elements": [
              0.9990371246168902,
              -0.019712364356097304,
              -0.039194977881723846,
              0,
              0.031139652357235297,
              0.9479220864440623,
              0.3169763998330931,
              0,
              0.03090543076429913,
              -0.3178917090639056,
              0.9476231917880575,
              0,
              0,
              1.7026836789111908,
              -8.252694305710406e-8,
              1
            ]
          }
        }
      },
      "children": [
        0,
        1
      ]
    },
    {
      "name": "mixamorigNeck",
      "extras": {
        "name": "mixamorigNeck"
      }
    },
    {
      "rotation": [
        0.05773907845618187,
        -0.013506476289147376,
        0.03460615763174037,
        0.997640312374567
      ],
      "translation": [
        0,
        1.7026836789111908,
        -8.252694305710406e-8
      ],
      "name": "mixamorigNeck",
      "extras": {
        "name": "mixamorigNeck",
        "transformData": {
          "eulerOrder": "ZYX",
          "translation": [
            0,
            1.7026836789111908,
            -8.252694305710406e-8
          ],
          "preRotation": [
            12.703614110684244,
            0,
            0
          ],
          "parentMatrixWorld": {
            "elements": [
              0.9879890476152438,
              0.12368276559236778,
              -0.09262945218441487,
              0,
              -0.12087907668537722,
              0.9920389711810744,
              0.035311875623261914,
              0,
              0.09625949686265814,
              -0.023690783772712696,
              0.9950742967632781,
              0,
              0,
              1.5134974646415742,
              0,
              1
            ]
          }
        }
      },
      "children": [
        2,
        3
      ]
    },
    {
      "rotation": [
        0,
        0,
        2.081668171172169e-17,
        1
      ],
      "translation": [
        0.09484539020412175,
        0.21410729583120303,
        -2.220446049250313e-16
      ],
      "name": "mixamorigLeftHandThumb4",
      "extras": {
        "name": "mixamorigLeftHandThumb4",
        "transformData": {
          "eulerOrder": "ZYX",
          "translation": [
            0.09484539020412175,
            0.21410729583120303,
            -2.220446049250313e-16
          ],
          "preRotation": [
            0,
            0,
            2.3854160110976384e-15
          ],
          "parentMatrixWorld": {
            "elements": [
              0.902877831860368,
              0.4278776557301704,
              0.04162136170535091,
              0,
              -0.4298189788991998,
              0.8966255745372549,
              0.10638717071362788,
              0,
              0.00820191449620844,
              -0.11394426901452806,
              0.9934532865282623,
              0,
              -0.05242206932736604,
              0.3717886279951733,
              2.220446049250313e-16,
              1
            ]
          }
        }
      }
    },
    {
      "rotation": [
        -0.19664218576132772,
        0.20652510785313222,
        0.29357180637849883,
        0.9124115460394746
      ],
      "translation": [
        -0.05242206932736604,
        0.3717886279951733,
        2.220446049250313e-16
      ],
      "name": "mixamorigLeftHandThumb3",
      "extras": {
        "name": "mixamorigLeftHandThumb3",
        "transformData": {
          "eulerOrder": "ZYX",
          "translation": [
            -0.05242206932736604,
            0.3717886279951733,
            2.220446049250313e-16
          ],
          "preRotation": [
            17.713376474924825,
            1.5902773407317588e-15,
            1.5902773407317588e-15
          ],
          "parentMatrixWorld": {
            "elements": [
              0.9126959992717292,
              -0.3676060626457436,
              0.1784707346795944,
              0,
              0.2704569043697424,
              0.8708090007507033,
              0.41054202977858084,
              0,
              -0.30633165574213267,
              -0.3264314293110803,
              0.8942054840795802,
              0,
              -0.04242332087675482,
              0.24171757016548073,
              0,
              1
            ]
          }
        }
      },
      "children": [
        5
      ]
    },
    {
      "rotation": [
        0.15036263451814583,
        0.06203355962757402,
        -0.09220942168044582,
        0.9823646716676404
      ],
      "translation": [
        -0.04242332087675482,
        0.24171757016548073,
        0
      ],
      "scale": [
        1,
        0.9999999999999999,
        0.9999999999999999
      ],
      "name": "mixamorigLeftHandThumb2",
      "extras": {
        "name": "mixamorigLeftHandThumb2",
        "transformData": {
          "eulerOrder": "ZYX",
          "translation": [
            -0.04242332087675482,
            0.24171757016548073,
            0
          ],
          "preRotation": [
            15.957224473833403,
            -3.1805546814635168e-15,
            0
          ],
          "parentMatrixWorld": {
            "elements": [
              0.8667022243044877,
              0.3643939688211334,
              -0.3406527408849609,
              0,
              -0.39497484194626176,
              0.9184166996465152,
              -0.022486441246409736,
              0,
              0.30466724243866283,
              0.1540383111345538,
              0.9399202466633195,
              0,
              -0.2606707693484154,
              0.1617271667205733,
              2.077123140153958e-8,
              1
            ]
          }
        }
      },
      "children": [
        6
      ]
    },
    {
      "rotation": [
        -0.11960199777752906,
        -0.023957944461949356,
        0.19831970515624855,
        0.9725177016488717
      ],
      "translation": [
        -0.2606707693484154,
        0.1617271667205733,
        2.077123140153958e-8
      ],
      "name": "mixamorigLeftHandThumb1",
      "extras": {
        "name": "mixamorigLeftHandThumb1",
        "transformData": {
          "eulerOrder": "ZYX",
          "translation": [
            -0.2606707693484154,
            0.1617271667205733,
            2.077123140153958e-8
          ],
          "preRotation": [
            -0.00002568646140715338,
            -3.180554681463516e-15,
            48.22882274649621
          ],
          "parentMatrixWorld": {
            "elements": [
              -0.41413414789358577,
              -0.1933041538432091,
              -0.8894528745856054,
              0,
              -0.5776254823366186,
              0.8110228097842447,
              0.09268659428502231,
              0,
              0.7034498661290827,
              0.552155328428268,
              -0.44752964559858305,
              0,
              0,
              1.7404940041015706,
              0,
              1
            ]
          }
        }
      },
      "children": [
        7
      ]
    },
    {
      "rotation": [
        5.551115123125784e-17,
        2.7755575615628926e-17,
        3.469446951953614e-17,
        1
      ],
      "translation": [
        0.00251603272374723,
        0.31944054896970453,
        0
      ],
      "name": "mixamorigLeftHandIndex4",
      "extras": {
        "name": "mixamorigLeftHandIndex4",
        "transformData": {
          "eulerOrder": "ZYX",
          "translation": [
            0.00251603272374723,
            0.31944054896970453,
            0
          ],
          "preRotation": [
            6.361109362927035e-15,
            3.1805546814635176e-15,
            3.975693351829397e-15
          ],
          "parentMatrixWorld": {
            "elements": [
              0.7478838934276162,
              0.652741874601241,
              0.12082102280116153,
              0,
              -0.6524680812512349,
              0.6892767833825215,
              0.3149331826623889,
              0,
              0.12229095370056209,
              -0.3143653157324888,
              0.9413922504216691,
              0,
              -0.02129681530322003,
              0.46614326502191206,
              -2.220446049250313e-16,
              1
            ]
          }
        }
      }
    },
    {
      "rotation": [
        0.032627041332932316,
        -0.0015301390552108357,
        0.08866951214479918,
        0.9955254065866728
      ],
      "translation": [
        -0.02129681530322003,
        0.46614326502191206,
        -2.220446049250313e-16
      ],
      "name": "mixamorigLeftHandIndex3",
      "extras": {
        "name": "mixamorigLeftHandIndex3",
        "transformData": {
          "eulerOrder": "ZYX",
          "translation": [
            -0.02129681530322003,
            0.46614326502191206,
            -2.220446049250313e-16
          ],
          "preRotation": [
            12.977083740290196,
            0,
            3.975693351829397e-15
          ],
          "parentMatrixWorld": {
            "elements": [
              0.7426686686352477,
              0.6499596311747475,
              0.16123190620055694,
              0,
              -0.6529495343916643,
              0.6493861796259741,
              0.3898134127449508,
              0,
              0.1486612097071316,
              -0.39477850633151595,
              0.9066696068956539,
              0,
              0.0187807825794728,
              0.38262206093801976,
              -2.220446049250313e-16,
              1
            ]
          }
        }
      },
      "children": [
        9
      ]
    },
    {
      "rotation": [
        0.07301158531351304,
        -0.00024184254815851536,
        0.09276088292575703,
        0.9930078888049804
      ],
      "translation": [
        0.0187807825794728,
        0.38262206093801976,
        -2.220446049250313e-16
      ],
      "name": "mixamorigLeftHandIndex2",
      "extras": {
        "name": "mixamorigLeftHandIndex2",
        "transformData": {
          "eulerOrder": "ZYX",
          "translation": [
            0.0187807825794728,
            0.38262206093801976,
            -2.220446049250313e-16
          ],
          "preRotation": [
            -7.86308020640675,
            0,
            1.1927080055488186e-15
          ],
          "parentMatrixWorld": {
            "elements": [
              0.7921134521036325,
              0.5940268595921203,
              -0.14031522377902034,
              0,
              -0.44110006772410393,
              0.7160009714016683,
              0.5410853255883527,
              0,
              0.4218850580369302,
              -0.36670790746367365,
              0.8291792946108393,
              0,
              0,
              0.4334405186600092,
              -9.409030887752579e-9,
              1
            ]
          }
        }
      },
      "children": [
        10
      ]
    },
    {
      "rotation": [
        0.1975533539680479,
        0.1473860441030649,
        0.2982150570110703,
        0.9221267842428809
      ],
      "translation": [
        0,
        0.4334405186600092,
        -9.409030887752579e-9
      ],
      "scale": [
        1,
        0.9999999999999999,
        0.9999999999999999
      ],
      "name": "mixamorigLeftHandIndex1",
      "extras": {
        "name": "mixamorigLeftHandIndex1",
        "transformData": {
          "eulerOrder": "ZYX",
          "translation": [
            0,
            0.4334405186600092,
            -9.409030887752579e-9
          ],
          "preRotation": [
            51.93785170341385,
            -4.770832022195274e-15,
            39.30601442162248
          ],
          "parentMatrixWorld": {
            "elements": [
              -0.41413414789358577,
              -0.1933041538432091,
              -0.8894528745856054,
              0,
              -0.5776254823366186,
              0.8110228097842447,
              0.09268659428502231,
              0,
              0.7034498661290827,
              0.552155328428268,
              -0.44752964559858305,
              0,
              0,
              1.7404940041015706,
              0,
              1
            ]
          }
        }
      },
      "children": [
        11
      ]
    },
    {
      "rotation": [
        -0.08228244975630886,
        -0.9212106263869022,
        -0.09021955739690346,
        -0.3694062638280834
      ],
      "translation": [
        0,
        1.7404940041015706,
        0
      ],
      "scale": [
        0.9999999999999999,
        0.9999999999999999,
        0.9999999999999999
      ],
      "name": "mixamorigLeftHand",
      "extras": {
        "name": "mixamorigLeftHand",
        "transformData": {
          "eulerOrder": "ZYX",
          "translation": [
            0,
            1.7404940041015706,
            0
          ],
          "preRotation": [
            147.87675576948362,
            32.696005086738964,
            -167.14767344290712
          ],
          "parentMatrixWorld": {
            "elements": [
              0.4181285618852455,
              -0.1955028584784258,
              0.8871004145976701,
              0,
              -0.8175682393942765,
              -0.5066249958688567,
              0.2737029538710336,
              0,
              0.39591752573779415,
              -0.839708142958463,
              -0.37167131337061643,
              0,
              2.220446049250313e-16,
              1.4139343468353824,
              8.881784197001252e-16,
              1
            ]
          }
        }
      },
      "children": [
        8,
        12
      ]
    },
    {
      "rotation": [
        0.2221776374977671,
        -0.650832293522303,
        0.12413124771431079,
        0.7152942569846231
      ],
      "translation": [
        2.220446049250313e-16,
        1.4139343468353824,
        8.881784197001252e-16
      ],
      "name": "mixamorigLeftForeArm",
      "extras": {
        "name": "mixamorigLeftForeArm",
        "transformData": {
          "eulerOrder": "ZYX",
          "translation": [
            2.220446049250313e-16,
            1.4139343468353824,
            8.881784197001252e-16
          ],
          "preRotation": [
            -80.96665513384035,
            -53.14982175868387,
            82.7499091028517
          ],
          "parentMatrixWorld": {
            "elements": [
              0.8130924944509316,
              0.5601187781881453,
              -0.15857979250495893,
              0,
              -0.5674678036845275,
              0.8233945716225116,
              -0.0012930437543527962,
              0,
              0.12984948229144064,
              0.09104029054056972,
              0.9873453182657301,
              0,
              0,
              2.4057001228688373,
              0,
              1
            ]
          }
        }
      },
      "children": [
        13
      ]
    },
    {
      "rotation": [
        -0.042170263985446016,
        -0.008200349926019545,
        -0.029082058553409555,
        0.9986534157391938
      ],
      "translation": [
        0,
        2.4057001228688373,
        0
      ],
      "scale": [
        0.9999999999999999,
        1,
        0.9999999999999999
      ],
      "name": "mixamorigLeftArm",
      "extras": {
        "name": "mixamorigLeftArm",
        "transformData": {
          "eulerOrder": "ZYX",
          "translation": [
            0,
            2.4057001228688373,
            0
          ],
          "preRotation": [
            13.833470874134923,
            3.1805546814635176e-15,
            0.23614483264023367
          ],
          "parentMatrixWorld": {
            "elements": [
              -0.018059357564544465,
              0.02843515789383566,
              -0.999432496350739,
              0,
              0.5850976182476577,
              -0.8102654629422055,
              -0.033625592092713874,
              0,
              -0.8107617714762059,
              -0.5853728257428936,
              -0.002004481425871507,
              0,
              0.7817149758338928,
              0.8248161564637222,
              -0.18486791229267585,
              1
            ]
          }
        }
      },
      "children": [
        14
      ]
    },
    {
      "name": "mixamorigLeftShoulder",
      "extras": {
        "name": "mixamorigLeftShoulder"
      }
    },
    {
      "rotation": [
        0.6043285554548993,
        0.3040412540708256,
        -0.6968875522140652,
        0.2381043117990563
      ],
      "translation": [
        0.7817149758338928,
        0.8248161564637222,
        -0.18486791229267585
      ],
      "name": "mixamorigLeftShoulder",
      "extras": {
        "name": "mixamorigLeftShoulder",
        "transformData": {
          "eulerOrder": "ZYX",
          "translation": [
            0.7817149758338928,
            0.8248161564637222,
            -0.18486791229267585
          ],
          "preRotation": [
            -42.48557398521685,
            76.7648020273364,
            -179.70048023459378
          ],
          "parentMatrixWorld": {
            "elements": [
              0.9879890476152438,
              0.12368276559236778,
              -0.09262945218441487,
              0,
              -0.12087907668537722,
              0.9920389711810744,
              0.035311875623261914,
              0,
              0.09625949686265814,
              -0.023690783772712696,
              0.9950742967632781,
              0,
              0,
              1.5134974646415742,
              0,
              1
            ]
          }
        }
      },
      "children": [
        15,
        16
      ]
    },
    {
      "rotation": [
        -4.1633363423443376e-17,
        2.775557561562892e-17,
        3.469446951953616e-18,
        1
      ],
      "translation": [
        -0.08489602222224679,
        0.176349167364118,
        -4.440892098500626e-16
      ],
      "name": "mixamorigRightHandThumb4",
      "extras": {
        "name": "mixamorigRightHandThumb4",
        "transformData": {
          "eulerOrder": "ZYX",
          "translation": [
            -0.08489602222224679,
            0.176349167364118,
            -4.440892098500626e-16
          ],
          "preRotation": [
            -4.770832022195276e-15,
            3.1805546814635176e-15,
            3.975693351829397e-16
          ],
          "parentMatrixWorld": {
            "elements": [
              0.9436363421955799,
              -0.3309600475773299,
              -0.003987745269476789,
              0,
              0.32940818393394566,
              0.9379010264636805,
              0.10877460451342218,
              0,
              -0.03225993741566286,
              -0.1039572659188532,
              0.9940584406666069,
              0,
              -0.003349549123626616,
              0.28349023637681947,
              -4.440892098500626e-16,
              1
            ]
          }
        }
      }
    },
    {
      "rotation": [
        0.014601239316850772,
        0.08806916316222957,
        -0.09024436286304013,
        0.9919105649900144
      ],
      "translation": [
        -0.003349549123626616,
        0.28349023637681947,
        -4.440892098500626e-16
      ],
      "name": "mixamorigRightHandThumb3",
      "extras": {
        "name": "mixamorigRightHandThumb3",
        "transformData": {
          "eulerOrder": "ZYX",
          "translation": [
            -0.003349549123626616,
            0.28349023637681947,
            -4.440892098500626e-16
          ],
          "preRotation": [
            22.773245601966675,
            -3.1805546814635176e-15,
            1.5902773407317588e-15
          ],
          "parentMatrixWorld": {
            "elements": [
              0.9606529093067456,
              0.1317861031563362,
              -0.24449623865723125,
              0,
              -0.030838466264542015,
              0.9254342359785422,
              0.3776512460142084,
              0,
              0.27603437594096314,
              -0.3552518791399998,
              0.8930851724734299,
              0,
              0.0882455713458743,
              0.32426847051484015,
              0,
              1
            ]
          }
        }
      },
      "children": [
        18
      ]
    },
    {
      "rotation": [
        0.059526128069084,
        -0.1068181832281524,
        -0.06103498551331388,
        0.990616589347109
      ],
      "translation": [
        0.0882455713458743,
        0.32426847051484015,
        0
      ],
      "name": "mixamorigRightHandThumb2",
      "extras": {
        "name": "mixamorigRightHandThumb2",
        "transformData": {
          "eulerOrder": "ZYX",
          "translation": [
            0.0882455713458743,
            0.32426847051484015,
            0
          ],
          "preRotation": [
            12.658162921978581,
            3.1805546814635168e-15,
            4.770832022195275e-15
          ],
          "parentMatrixWorld": {
            "elements": [
              0.8576288577319113,
              -0.3063482771275254,
              0.41306595016046954,
              0,
              0.329127702009359,
              0.9441348770904132,
              0.016860933592064198,
              0,
              -0.39515528827413304,
              0.12149102194217618,
              0.9105450192376042,
              0,
              0.395192482175752,
              0.14243455545282746,
              9.536007983257377e-9,
              1
            ]
          }
        }
      },
      "children": [
        19
      ]
    },
    {
      "rotation": [
        -0.11000904423590196,
        -0.00633356561408139,
        -0.16295533649619445,
        0.9804608374781877
      ],
      "translation": [
        0.395192482175752,
        0.14243455545282746,
        9.536007983257377e-9
      ],
      "name": "mixamorigRightHandThumb1",
      "extras": {
        "name": "mixamorigRightHandThumb1",
        "transformData": {
          "eulerOrder": "ZYX",
          "translation": [
            0.395192482175752,
            0.14243455545282746,
            9.536007983257377e-9
          ],
          "preRotation": [
            -0.000006717183448333314,
            6.361109362927035e-15,
            -54.95626449693535
          ],
          "parentMatrixWorld": {
            "elements": [
              -0.7381394751193306,
              0.4875130090885329,
              0.4663488163911588,
              0,
              0.3735931488065882,
              0.8709570582059314,
              -0.3191582126406507,
              0,
              -0.5617635728175769,
              -0.061358548716869715,
              -0.8250193063976812,
              0,
              0,
              1.8229025549728095,
              -8.881784197001252e-16,
              1
            ]
          }
        }
      },
      "children": [
        20
      ]
    },
    {
      "rotation": [
        -8.326672684688674e-17,
        2.7755575615628907e-17,
        5.551115123125783e-17,
        1
      ],
      "translation": [
        -0.030227224043307466,
        0.31069901533836,
        8.881784197001252e-16
      ],
      "name": "mixamorigRightHandIndex4",
      "extras": {
        "name": "mixamorigRightHandIndex4",
        "transformData": {
          "eulerOrder": "ZYX",
          "translation": [
            -0.030227224043307466,
            0.31069901533836,
            8.881784197001252e-16
          ],
          "preRotation": [
            -9.54166404439055e-15,
            3.1805546814635168e-15,
            6.3611093629270335e-15
          ],
          "parentMatrixWorld": {
            "elements": [
              0.9650169773642411,
              -0.26116426752029004,
              -0.02313998205216042,
              0,
              0.26166184915213964,
              0.953739022481111,
              0.1480370011012702,
              0,
              -0.016592471095855647,
              -0.14891306983393018,
              0.9887110738408709,
              0,
              -0.006573413390455585,
              0.3254725110646879,
              -4.440892098500626e-16,
              1
            ]
          }
        }
      }
    },
    {
      "rotation": [
        0.05636581050573776,
        -0.0013650236220442123,
        -0.09967695189225831,
        0.9934211387740053
      ],
      "translation": [
        -0.006573413390455585,
        0.3254725110646879,
        -4.440892098500626e-16
      ],
      "scale": [
        1,
        0.9999999999999999,
        0.9999999999999999
      ],
      "name": "mixamorigRightHandIndex3",
      "extras": {
        "name": "mixamorigRightHandIndex3",
        "transformData": {
          "eulerOrder": "ZYX",
          "translation": [
            -0.006573413390455585,
            0.3254725110646879,
            -4.440892098500626e-16
          ],
          "preRotation": [
            9.13175236442865,
            3.1805546814635168e-15,
            1.5902773407317584e-15
          ],
          "parentMatrixWorld": {
            "elements": [
              0.9382931705184993,
              -0.34239179303912837,
              -0.04872151481974664,
              0,
              0.34329848652305917,
              0.9050557324317987,
              0.251038383555093,
              0,
              -0.041857796141902714,
              -0.2522736231285937,
              0.9667501972390654,
              0,
              0.03680063743376394,
              0.4516251727873237,
              0,
              1
            ]
          }
        }
      },
      "children": [
        22
      ]
    },
    {
      "rotation": [
        0.19659914592935013,
        -0.0015112936513121148,
        -0.2636118721042155,
        0.944380899847415
      ],
      "translation": [
        0.03680063743376394,
        0.4516251727873237,
        0
      ],
      "name": "mixamorigRightHandIndex2",
      "extras": {
        "name": "mixamorigRightHandIndex2",
        "transformData": {
          "eulerOrder": "ZYX",
          "translation": [
            0.03680063743376394,
            0.4516251727873237,
            0
          ],
          "preRotation": [
            17.46213347760536,
            -3.180554681463516e-15,
            4.8702243559910086e-15
          ],
          "parentMatrixWorld": {
            "elements": [
              0.9601812564570136,
              0.02200365567818075,
              0.2785099529378202,
              0,
              -0.0619841123191267,
              0.9888266649848695,
              0.13557210787957272,
              0,
              -0.27241498594725044,
              -0.14743698908922645,
              0.9508167066683582,
              0,
              0,
              0.6330912923783281,
              1.6201706198870625e-8,
              1
            ]
          }
        }
      },
      "children": [
        23
      ]
    },
    {
      "rotation": [
        -0.07703097325966396,
        -0.23811302981643,
        -0.01696966867985481,
        0.9680291521099806
      ],
      "translation": [
        0,
        0.6330912923783281,
        1.6201706198870625e-8
      ],
      "name": "mixamorigRightHandIndex1",
      "extras": {
        "name": "mixamorigRightHandIndex1",
        "transformData": {
          "eulerOrder": "ZYX",
          "translation": [
            0,
            0.6330912923783281,
            1.6201706198870625e-8
          ],
          "preRotation": [
            38.61860570463995,
            3.1805546814635168e-15,
            -46.31773298901474
          ],
          "parentMatrixWorld": {
            "elements": [
              -0.7381394751193306,
              0.4875130090885329,
              0.4663488163911588,
              0,
              0.3735931488065882,
              0.8709570582059314,
              -0.3191582126406507,
              0,
              -0.5617635728175769,
              -0.061358548716869715,
              -0.8250193063976812,
              0,
              0,
              1.8229025549728095,
              -8.881784197001252e-16,
              1
            ]
          }
        }
      },
      "children": [
        24
      ]
    },
    {
      "rotation": [
        -0.05553139906054802,
        0.9744715490143661,
        -0.08156517151303053,
        -0.20166451365509191
      ],
      "translation": [
        0,
        1.8229025549728095,
        -8.881784197001252e-16
      ],
      "name": "mixamorigRightHand",
      "extras": {
        "name": "mixamorigRightHand",
        "transformData": {
          "eulerOrder": "ZYX",
          "translation": [
            0,
            1.8229025549728095,
            -8.881784197001252e-16
          ],
          "preRotation": [
            146.74124666752488,
            -2.520292628507694,
            177.44590126237827
          ],
          "parentMatrixWorld": {
            "elements": [
              0.8153402064470294,
              0.5006587344775295,
              0.2907940383752688,
              0,
              0.2634211972671792,
              -0.7680319941367555,
              0.5837260194120973,
              0,
              0.515586669720586,
              -0.3993339761399285,
              -0.7580914844445772,
              0,
              0,
              1.5489486404614126,
              2.220446049250313e-16,
              1
            ]
          }
        }
      },
      "children": [
        21,
        25
      ]
    },
    {
      "rotation": [
        0.17134915876660362,
        0.6040701678417496,
        0.04135096060460057,
        0.7771928824006883
      ],
      "translation": [
        0,
        1.5489486404614126,
        2.220446049250313e-16
      ],
      "name": "mixamorigRightForeArm",
      "extras": {
        "name": "mixamorigRightForeArm",
        "transformData": {
          "eulerOrder": "ZYX",
          "translation": [
            0,
            1.5489486404614126,
            2.220446049250313e-16
          ],
          "preRotation": [
            -72.65167537957653,
            34.13930201857706,
            -80.0561954509666
          ],
          "parentMatrixWorld": {
            "elements": [
              0.47243802313356453,
              -0.5762319273965996,
              -0.6669025908529311,
              0,
              0.7809192624990433,
              0.6244832781402799,
              0.013628297343181437,
              0,
              0.4086164525511695,
              -0.5272356123018664,
              0.745020266057482,
              0,
              2.220446049250313e-16,
              2.4057001228639416,
              -8.881784197001252e-16,
              1
            ]
          }
        }
      },
      "children": [
        26
      ]
    },
    {
      "name": "mixamorigRightArm",
      "extras": {
        "name": "mixamorigRightArm"
      }
    },
    {
      "rotation": [
        -0.061078951829129424,
        0.4842409002650357,
        -0.07076927963557718,
        0.8699263375458756
      ],
      "translation": [
        2.220446049250313e-16,
        2.4057001228639416,
        -8.881784197001252e-16
      ],
      "scale": [
        1,
        0.9999999999999999,
        1
      ],
      "name": "mixamorigRightArm",
      "extras": {
        "name": "mixamorigRightArm",
        "transformData": {
          "eulerOrder": "ZYX",
          "translation": [
            2.220446049250313e-16,
            2.4057001228639416,
            -8.881784197001252e-16
          ],
          "preRotation": [
            28.22562809999734,
            44.61545969811264,
            -4.677538853548659e-15
          ],
          "parentMatrixWorld": {
            "elements": [
              -0.1275779000187671,
              0.02014799470024514,
              0.9916238910059528,
              0,
              -0.7933496271131028,
              -0.6021013274638912,
              -0.08983521339967925,
              0,
              0.595248059269182,
              -0.7981654306699985,
              0.09279922422862974,
              0,
              -0.7817149758338928,
              0.8304051254787659,
              -0.20966083160003812,
              1
            ]
          }
        }
      },
      "children": [
        27,
        28
      ]
    },
    {
      "name": "mixamorigRightShoulder",
      "extras": {
        "name": "mixamorigRightShoulder"
      }
    },
    {
      "rotation": [
        0.6324695385911825,
        -0.2500891484839938,
        0.7137442387266909,
        0.1673525029379328
      ],
      "translation": [
        -0.7817149758338928,
        0.8304051254787659,
        -0.20966083160003812
      ],
      "scale": [
        0.9999999999999999,
        0.9999999999999999,
        1
      ],
      "name": "mixamorigRightShoulder",
      "extras": {
        "name": "mixamorigRightShoulder",
        "transformData": {
          "eulerOrder": "ZYX",
          "translation": [
            -0.7817149758338928,
            0.8304051254787659,
            -0.20966083160003812
          ],
          "preRotation": [
            -42.859864776734824,
            -75.0702472359925,
            179.68143924281958
          ],
          "parentMatrixWorld": {
            "elements": [
              0.9879890476152438,
              0.12368276559236778,
              -0.09262945218441487,
              0,
              -0.12087907668537722,
              0.9920389711810744,
              0.035311875623261914,
              0,
              0.09625949686265814,
              -0.023690783772712696,
              0.9950742967632781,
              0,
              0,
              1.5134974646415742,
              0,
              1
            ]
          }
        }
      },
      "children": [
        29,
        30
      ]
    },
    {
      "name": "mixamorigSpine2",
      "extras": {
        "name": "mixamorigSpine2"
      }
    },
    {
      "rotation": [
        0.015959505685317843,
        0.007882050717884897,
        -0.0005857231765065439,
        0.9998413997738405
      ],
      "translation": [
        0,
        1.5134974646415742,
        0
      ],
      "name": "mixamorigSpine2",
      "extras": {
        "name": "mixamorigSpine2",
        "transformData": {
          "eulerOrder": "ZYX",
          "translation": [
            0,
            1.5134974646415742,
            0
          ],
          "preRotation": [
            1.5902773407317584e-15,
            0,
            0
          ],
          "parentMatrixWorld": {
            "elements": [
              0.9888991175192244,
              0.12280426299160586,
              -0.08365194771422352,
              0,
              -0.12030477900165303,
              0.9921438873439747,
              0.03431132396502204,
              0,
              0.08720834544158093,
              -0.02386670890503698,
              0.9959041543691637,
              0,
              0,
              1.324309386056556,
              0,
              1
            ]
          }
        }
      },
      "children": [
        4,
        17,
        31,
        32
      ]
    },
    {
      "name": "mixamorigSpine1",
      "extras": {
        "name": "mixamorigSpine1"
      }
    },
    {
      "rotation": [
        0.01610982843049825,
        0.007743372471221193,
        -0.0005838591144889437,
        0.9998400690420121
      ],
      "translation": [
        0,
        1.324309386056556,
        0
      ],
      "name": "mixamorigSpine1",
      "extras": {
        "name": "mixamorigSpine1",
        "transformData": {
          "eulerOrder": "ZYX",
          "translation": [
            0,
            1.324309386056556,
            0
          ],
          "preRotation": [
            0.000005142778961530977,
            0,
            0
          ],
          "parentMatrixWorld": {
            "elements": [
              0.9983266117112319,
              0.05056242229189733,
              -0.028060966817461366,
              0,
              -0.05496255939039049,
              0.9805033350308242,
              -0.1886592900696858,
              0,
              0.01797480102845706,
              0.18988589235726777,
              0.9816416123226492,
              0,
              0,
              1.1073360443115234,
              -0.24962230026721954,
              1
            ]
          }
        }
      },
      "children": [
        33,
        34
      ]
    },
    {
      "name": "mixamorigSpine",
      "extras": {
        "name": "mixamorigSpine"
      }
    },
    {
      "rotation": [
        -0.10309271834671865,
        0.0037499159388405187,
        0.00444437332285722,
        0.9946547524253608
      ],
      "translation": [
        0,
        1.1073360443115234,
        -0.24962230026721954
      ],
      "scale": [
        1,
        0.9999999999999999,
        0.9999999999999999
      ],
      "name": "mixamorigSpine",
      "extras": {
        "name": "mixamorigSpine",
        "transformData": {
          "eulerOrder": "ZYX",
          "translation": [
            0,
            1.1073360443115234,
            -0.24962230026721954
          ],
          "preRotation": [
            -12.703619253463208,
            0,
            0
          ],
          "parentMatrixWorld": {
            "elements": [
              0.9304438786788805,
              -0.061926428946050105,
              -0.36116382196701813,
              0,
              0.04884740047877989,
              0.9977811493087632,
              -0.045240574257950035,
              0,
              0.36316404057436613,
              0.024451901576630096,
              0.9314043077042755,
              0,
              0.5782519557486651,
              4.025396465218758,
              -0.18759908520948992,
              1
            ]
          }
        }
      },
      "children": [
        35,
        36
      ]
    },
